0 0.48714436652212756 0.5755864139517801 0.07461486975432585 0.2051655348257091
0 0.16472877507282463 0.2277166434867078 0.07240384890464333 0.07555992198083886
0 0.4381351828320989 0.21622470205684952 0.06022209765100221 0.0858423247398008
0 0.32906405971256075 0.22693979477533177 0.045386707838416564 0.058542840343633086
0 0.20230138743831713 0.8994555246489437 0.04364235141192578 0.05221095318850359
0 0.6387700848518924 0.9309367345077095 0.13305184389007857 0.12242163387576924
0 0.7678558427694512 0.8508508440732193 0.053335600158284535 0.06363977611928177
0 0.017299845605938047 0.2121658073269463 0.02939799498543507 0.04522396879233552
0 0.21488057310690287 0.49402771822650865 0.10001202335696498 0.11288950361804453
0 0.4070811303121811 0.6918864433504223 0.08030727711788863 0.07909435775648763
0 0.4355089733443297 0.41404472636710904 0.11361518527287444 0.25869332654882304
0 0.26252376590162463 0.30873867141501193 0.1502801109788372 0.28557673111680737