0 0.4842433519255488 0.5198618478350394 0.09300675469445316 0.20996580517696728
0 0.2530239079805918 0.1281348923474886 0.07903406667727228 0.08267526308359244
0 0.5235813086410012 0.15843922944742278 0.068205654678545 0.0914132262518895
0 0.41357050930936473 0.15235510039528816 0.05069089067472685 0.062287168373499166
0 0.12736445389086865 0.7959432896037132 0.047511346674090585 0.05741765785015538
0 0.5462679005410968 0.8925566242139858 0.1421158693507266 0.1363154735504665
0 0.6906087938813237 0.8334028901401757 0.05857611600890866 0.06899219468185827
0 0.11293525732018242 0.090231615897955 0.03333975867281791 0.047223610495108835
0 0.2373876279440026 0.3983941844408634 0.10917610001590834 0.12346686305535756
0 0.377656449912504 0.6220984529978892 0.08690111067790855 0.0878177893919517
0 0.4729075046149115 0.35344789255925013 0.13739310136854394 0.267201452503779
0 0.32921314330045603 0.22284888189473206 0.17680104670590727 0.29916408404557526