0 0.5 0.54921875 0.0546875 0.19765625
0 0.80859375 0.19609375 0.06640625 0.0671875
0 0.534375 0.18984375 0.053125 0.07890625
0 0.64453125 0.1984375 0.040625 0.053125
0 0.7984375 0.86796875 0.0390625 0.04765625
0 0.36328125 0.90625 0.121875 0.10703125
0 0.23125 0.82890625 0.04765625 0.05703125
0 0.95546875 0.178125 0.02578125 0.04140625
0 0.76953125 0.46328125 0.08984375 0.10234375
0 0.58515625 0.6640625 0.0734375 0.0703125
0 0.5453125 0.3875 0.0890625 0.246875
0 0.7140625 0.27890625 0.1234375 0.2703125