0 0.4776672451534381 0.7657329294003796 0.024237587005972117 0.03505696159934022
0 0.11887216698118112 0.6795631310370969 0.040189895326597246 0.049574102665567034
0 0.06674596931788249 0.6538440655185485 0.02554551386770836 0.024164925705962938
0 0.3263917666205908 0.5723968033778476 0.035720600873680564 0.05881271034569906
0 0.4099868230413547 0.6419711689755383 0.032268292553055564 0.044659282132453626
0 0.4815715355222922 0.6651335358268703 0.05592399810013902 0.054716243731793845
0 0.5338224069131948 0.5620372795586641 0.05120013050895835 0.05301735141192587
0 0.5219205125365282 0.48674176286561666 0.06777068787965276 0.09409699247815269
0 0.3876351250937156 0.4195960638026889 0.06976959897381949 0.11289245658477523
0 0.32168020393156277 0.2693399995377816 0.045968423062013916 0.096585494985435
0 0.24996820488149324 0.24070888268644958 0.05312630642076392 0.0686878155185485
0 0.17242508634038214 0.26343567735531553 0.08982752583555564 0.1025459899708702
0 0.18090842714607655 0.19185619404836296 0.029106924961875037 0.04300585391920828
0 0.1413374340799307 0.2024156093294846 0.02580008700597225 0.035102425705962934
0 0.06612053495361132 0.25800036810497323 0.03964438145888891 0.026136602665567034
0 0.7161783523922921 0.44711227619345184 0.036737587005972114 0.035420674452321776
0 0.723208295971528 0.38017482877987663 0.033903527735416716 0.04782974623907634
0 0.8479913968452089 0.44157899320306837 0.030451219414791807 0.03367631802583091
0 0.819829376043646 0.4056271213371715 0.025800087005972472 0.035102425705962934
0 0.7312188580918753 0.28828284547292404 0.04680357123840277 0.06538095909205772
0 0.7796563580918752 0.28969223277822714 0.030705792553055566 0.044613818025830906
0 0.9102127610179167 0.12953964594777773 0.03695579255305574 0.04479567445232169
0 0.6167374775829169 0.23342419774277964 0.03695579255305557 0.04479567445232169
0 0.5789250870059723 0.05119671945039202 0.054216027735416714 0.048420779625171176
0 0.5221341456109376 0.2611196372387961 0.027435322188333444 0.038272889812585566