0 0.5118586088040399 0.20563712260144662 0.020503397540672097 0.034351689212119306
0 0.8749171450065891 0.21639056553854355 0.034638620413308986 0.04791728174358649
0 0.9279330606976337 0.23111499375300074 0.02355567466803521 0.022088487552445368
0 0.6764745789462022 0.3665243105641661 0.03001475292686635 0.0584995842330974
0 0.5885342174116879 0.31462011367837694 0.026807939695149587 0.04420028589277134
0 0.5159597806434044 0.30606317509095754 0.05029089149054773 0.0537887734452168
0 0.47156436514875166 0.4203158518555222 0.04559430113146803 0.05187107593472771
0 0.4883291634515494 0.49166971098372897 0.05832156010845857 0.09188076929603195
0 0.6271053171405414 0.5303509348392199 0.0584306444174139 0.11063076929603177
0 0.7044121848233759 0.6650559763310686 0.03648292154477702 0.09647318091374953
0 0.7777360553348807 0.6790224653334065 0.04567611436318479 0.0659335759347277
0 0.8529269528755525 0.6405268051655814 0.07867042154477702 0.09966995850815116
0 0.8493837963578901 0.7126386035059074 0.025227258976990186 0.040956886722608485
0 0.8885371999486864 0.6940536242518318 0.0220658975406721 0.034470088382282424
0 0.9592314950300302 0.6231006615944957 0.037627265027114734 0.024716580083912552
0 0.2988848683702055 0.5716210105734548 0.032994307181592394 0.033736382573423464
0 0.2969269377502421 0.6397081597436178 0.028388620413308984 0.04744368506293437
0 0.1682797629840112 0.6049448412820674 0.028306807181592352 0.033381185062934374
0 0.19934341062287902 0.634608107878807 0.022065897540671963 0.034470088382282424
0 0.29639060656454463 0.7318956597436179 0.040988614363184704 0.06557837842423861
0 0.24792129030776597 0.7410347840186716 0.026807939695149673 0.044200285892771515
0 0.13048328455222938 0.9271992721958171 0.033048849336070066 0.04311138257342364
0 0.4133463024080144 0.7628594719813911 0.031495439695149584 0.04455548340326061
0 0.46544409183201757 0.9353964001958482 0.050254530054229286 0.04753877344521662
0 0.5057656065645446 0.7160301709417727 0.023646578258831142 0.037713487552445454