0 0.4953125 0.24453125 0.01875 0.03203125
0 0.86015625 0.25703125 0.03125 0.04375
0 0.91484375 0.271875 0.021875 0.01953125
0 0.67265625 0.40546875 0.02578125 0.0546875
0 0.58046875 0.353125 0.02421875 0.03984375
0 0.50703125 0.34453125 0.046875 0.04609375
0 0.47109375 0.4578125 0.04296875 0.0453125
0 0.49375 0.5296875 0.05234375 0.08359375
0 0.6359375 0.56875 0.05 0.103125
0 0.7234375 0.70390625 0.02890625 0.09140625
0 0.79765625 0.71796875 0.04140625 0.06015625
0 0.8703125 0.6796875 0.07265625 0.08828125
0 0.87265625 0.75234375 0.021875 0.03828125
0 0.91015625 0.73359375 0.01953125 0.03203125
0 0.97578125 0.66328125 0.0359375 0.01953125
0 0.309375 0.6078125 0.03046875 0.0296875
0 0.3125 0.67578125 0.025 0.04296875
0 0.18125 0.640625 0.02578125 0.02890625
0 0.2140625 0.6703125 0.0203125 0.03203125
0 0.31875 0.76796875 0.0359375 0.059375
0 0.27109375 0.7765625 0.0234375 0.040625
0 0.1671875 0.96171875 0.03046875 0.03828125
0 0.4390625 0.79921875 0.02890625 0.03984375
0 0.50390625 0.971875 0.04765625 0.03984375
0 0.528125 0.753125 0.0203125 0.034375