0 0.5529937941685763 0.15822897987694554 0.119479964665139 0.17574087672018496
0 0.6618064029260415 0.10582785834055683 0.09967530452090294 0.1287879642790739
0 0.8693812071626039 0.1648536694148165 0.04473192496187508 0.046015129029259194
0 0.7544815993550692 0.24429574457986258 0.052908100873680655 0.062323634213055444
0 0.9611316428580553 0.20906370772764077 0.06609908510611114 0.0931047425071295
0 0.7297140694354509 0.437479108057733 0.02896145459715278 0.03839811866166656
0 0.7967905070307634 0.5368646619219459 0.1282003480238892 0.14843608294074037
0 0.5629967352792703 0.5658952169174547 0.12256729065319458 0.10740097983046262
0 0.4497914865135413 0.4050540446743991 0.12979921561506966 0.15013528397749987
0 0.44221864190812477 0.22795430245009346 0.07020470364722228 0.06851484561740726
0 0.2843314470946178 0.34546230560763946 0.13386846656500007 0.12398288708777754
0 0.14409157285392346 0.17373215150787064 0.08968205547083344 0.10140525805851838
0 0.2539192081125345 0.2452080273795838 0.02412848423243057 0.0317380155513888
0 0.3108270908056944 0.04453479264814875 0.030269381458888845 0.02759731969842587