0 0.49921875 0.2015625 0.08828125 0.1515625
0 0.4015625 0.13828125 0.07734375 0.10703125
0 0.18125 0.175 0.03828125 0.0359375
0 0.27890625 0.2640625 0.0421875 0.05
0 0.06953125 0.20625 0.071875 0.075
0 0.2625 0.45625 0.02265625 0.03203125
0 0.17421875 0.546875 0.1046875 0.11953125
0 0.4015625 0.59921875 0.10703125 0.078125
0 0.54921875 0.45390625 0.10546875 0.121875
0 0.5953125 0.28125 0.059375 0.05234375
0 0.728125 0.41328125 0.11640625 0.09140625
0 0.9046875 0.259375 0.07265625 0.08203125
0 0.7796875 0.31796875 0.01796875 0.02734375
0 0.765625 0.115625 0.0265625 0.0203125