0 0.4285709484757484 0.21839681290291799 0.1228567587805987 0.17087733603812652
0 0.3181919846782978 0.178192778406919 0.10227154800821019 0.12364778003177213
0 0.11324138514583597 0.2636688080349493 0.04556703005422928 0.044540932629559826
0 0.23001124950902066 0.3282006866867496 0.05347043364502539 0.06030230032431154
0 0.029198183252242015 0.31922728693163094 0.055214740826617835 0.09157957386326192
0 0.26158902331673406 0.5193575206962813 0.02989657825883123 0.036455697240056394
0 0.1989440984523073 0.6276279423687925 0.1320681323171656 0.14291597727182861
0 0.4317338725546082 0.6277854496723931 0.12402837334017516 0.10371710957707699
0 0.5393004119786114 0.4531184606294418 0.13208631303532492 0.1460409772718286
0 0.5413845658639952 0.27426675770734243 0.07069429508134384 0.06685230925276535
0 0.7020998729473916 0.37315604544975234 0.13505677693097126 0.11953302434972919
0 0.8353567587805987 0.18331406979948156 0.09118860226293642 0.09845686525911974
0 0.7288300237095175 0.2681645823813833 0.023619307181592396 0.031659103084255055
0 0.6652073643631847 0.07410489082336966 0.031404536104353474 0.027107970779006795