0 0.56875 0.6723233442210291 0.0296875 0.044610869395056166
0 0.43984375 0.6890958692258783 0.0390625 0.0688136439408634
0 0.35234375 0.5806134316534123 0.0453125 0.06619882697140156
0 0.3359375 0.517890162108575 0.025 0.03172823212215263
0 0.30078125 0.636384941655352 0.0328125 0.05736596091032524
0 0.25234375 0.33408886014202255 0.046875 0.071013872729036
0 0.3640625 0.33434433847115325 0.0625 0.1097893303053814
0 0.38671875 0.4395261749854525 0.0546875 0.07477660151720862
0 0.50546875 0.5306139474052278 0.0703125 0.10261455909355419
0 0.5890625 0.5323839993717802 0.0375 0.07962359818322877
0 0.465625 0.6252726142249084 0.0359375 0.06855855242559432
0 0.5890625 0.3972277493717802 0.04375 0.07232128121376694