0 0.29490162256601565 0.16994106277503157 0.0730204886359143 0.06855368182494201
0 0.34311698011449765 0.1398516561589605 0.032095479707460586 0.04971083992388783
0 0.42324876501753367 0.20722483996106886 0.053834112012708955 0.0427896778706093
0 0.47385491680454256 0.3984838513297754 0.09067163879807012 0.09581651878308035
0 0.5641271351479175 0.2880185366147585 0.04780230032431163 0.055035009885831696
0 0.5125958628267829 0.3289181092384408 0.0653716298696164 0.07761034684397003
0 0.6048594549539895 0.4178943790101043 0.03686480032431163 0.05458934091247105
0 0.7314606854722289 0.2416740717094612 0.06704322402541756 0.08392401384016442
0 0.7941322349857616 0.3239719185534312 0.04322389448011279 0.061094008897248565
0 0.6496832110430695 0.6268993058921304 0.05432503571381488 0.0709146778706092
0 0.24197012256931094 0.6493765533834914 0.07499209172016937 0.0920548488211363