0 0.36589875253408277 0.31138874928391136 0.03620112041330899 0.04573067067154524
0 0.4851482014026146 0.26156037726768483 0.04883747579950324 0.06931362133990877
0 0.6059334000747547 0.3414104145846856 0.05351588544042354 0.06780566534054513
0 0.6429748578220812 0.39645190324636764 0.02831589754067192 0.033139764003817976
0 0.6375874001729506 0.27619394724700397 0.040961343285945875 0.0582852146721816
0 0.7844907130118838 0.5479405832272777 0.056668156517662285 0.07252952800763594
0 0.676056044295777 0.576547935908686 0.0771988251355733 0.11026588534372692
0 0.6192560775714602 0.482671213916322 0.06449883723582168 0.0757454346753633
0 0.47361632464459397 0.42811207793604844 0.08342155405833437 0.10565111067790856
0 0.39169870413308916 0.44859784794718427 0.048901108313060423 0.08025112133990894
0 0.48163283684303815 0.3287933306015485 0.04571247579950324 0.06927725867281787
0 0.43775661357761775 0.5761955892743664 0.05355224687674216 0.07405566534054522