0 0.40200460511284997 0.11484375 0.06501707386326191 0.0546875
0 0.45639209618439625 0.09765625 0.022665932629559828 0.0453125
0 0.5180074805182395 0.18125 0.049010244317956975 0.0328125
0 0.5206626964259822 0.378125 0.07639095048646745 0.0796875
0 0.6355825385531887 0.29296875 0.03988070616851012 0.046875
0 0.5759035754848197 0.3203125 0.05273526217486459 0.0671875
0 0.6441916996723931 0.428125 0.028970479707460584 0.0484375
0 0.8104870811668625 0.2875 0.05437958279171547 0.071875
0 0.8519808802733582 0.38203125 0.03220457386326174 0.0546875
0 0.6377446509696394 0.640625 0.04325116801906326 0.0609375
0 0.23409177110002308 0.565625 0.05920345048646736 0.0796875