0 0.061048290368376966 0.8674486732831983 0.08813516508343386 0.10541955417661057
0 0.18214204036837697 0.8730887053339023 0.050320904567984305 0.038193512820281585
0 0.279157560494765 0.7703147698495949 0.05500176051544958 0.06802656203449331
0 0.3994147495497741 0.8965220130251694 0.12110479534115867 0.13968754631872785
0 0.4942159944613914 0.8210554402373091 0.09831574852966192 0.18071065260503402
0 0.5948511595448254 0.7239321912707665 0.0786030348257091 0.07224318114108108
0 0.8969049824756038 0.7286026904421968 0.09093261646291495 0.0993151033908223
0 0.7065809548859839 0.5944330899468588 0.14718261646291494 0.10193498924663302
0 0.5329730365231897 0.5597198339510028 0.14602290818602892 0.1392894400324213
0 0.3901857502271426 0.4449937462759463 0.13097776232447184 0.11988446856846871
0 0.23499920398147278 0.5967466832079957 0.04258364767057934 0.0690068651776464
0 0.15331651402195254 0.49661394251362073 0.12184842378986116 0.12413532092583353