0 0.9466831217585321 0.7327516308385464 0.08143300649282174 0.10324701680591382
0 0.8282643583658513 0.7633397390512229 0.049037517856907444 0.036348676882026254
0 0.7180456530081202 0.681954429279122 0.04955571509696384 0.06603617688202626
0 0.6163041006552137 0.8305285335374659 0.11166597727182861 0.13570668973360753
0 0.5126529951353266 0.77541922228249 0.08586713636243815 0.17837435079830274
0 0.3999678088523188 0.7011606630046806 0.07461026217486459 0.0701798488211363
0 0.10138425852800723 0.7664142257797122 0.08444891233702041 0.09712435079830258
0 0.27142184334831776 0.5963206071869124 0.14064436525911975 0.0962913626613009
0 0.4381377849063314 0.5270719055903068 0.13817393019392785 0.13366402866891214
0 0.5631668327950109 0.3861365463890471 0.12381142126547413 0.11590352570316256
0 0.7375474496789838 0.5039421758190809 0.038672762174864594 0.06871550790866543
0 0.8043548944834082 0.3887999954770136 0.11449096834337488 0.1186465237259962